0005
0007
0010
0012
0016
0020
0029
0031
0032
0035
0042
0044
0048
0049
0052
0054
0055
0056
0061
0064
0070
0079
0090
0101
0106
0109
0114
0119
0121
0142
1001
1003
1004
1005
1006
1007
1008
1009
1011
1012
1013
1014
1018
1019
1020
1022
1023
1025
1028
1030
1034
1035
1038
1039
1043
1044
1045
1047
1048
1049
1050
1051
1052
1053
1056
1057
1058
1059
1061
1062
1063
1066
1068
1069
1070
1071
1072
1074
1076
1078
1079
1080
1082
1086
1087
1088
1090
1091
1092
1094
1097
1098
1099
1100
1101
1103
1104
1105
1106
1107
1108
1110
1111
1113
1114
1116
1119
1120
1123
1124
1127
1128
1130
1131
1135
1136
1137
1138
1140
1141
1142
1143
1145
1146
1147
1149
1151
1154
1155
1159
1162
1163
1164
1165
1167
1172
1174
1177
1178
1180
1184
1185
1191
1192
1193
1195
1196
1197
1199
1201
1202
1203
1204
1206
1207
1208
1210
1211
1213
1217
1218
1222
1226
1227
1228
