[42, 42, 42, 42]
[35, 35, 35, 35]
[52, 52, 52, 52]
[34, 56, 56, 34]
[57, 57, 57, 57]
[30, 30, 30, 30]
[34, 34, 34, 34]
[67, 67, 67, 67]
[23, 33, 33, 33]
[32, 32, 32, 32]
[33, 35, 33, 37]
[51, 51, 51, 51]
[33, 33, 33, 33]
[40, 40, 40, 40]
[31, 32, 33, 33]
[31, 31, 31, 31]
[36, 37, 36, 36]
[35, 35, 59, 35]
[26, 26, 26, 26]
[32, 32, 32, 32]
[30, 30, 30, 30]
[33, 33, 33, 33]
[37, 61, 61, 37]
[58, 58, 58, 58]
[56, 56, 56, 56]
[41, 41, 41, 41]
[29, 29, 29, 29]
[30, 52, 50, 52]
[22, 22, 22, 22]
[27, 26, 26, 25]
[41, 41, 41, 41]
[29, 29, 29, 29]
[27, 27, 27, 27]
[53, 53, 53, 53]
[30, 30, 30, 30]
[41, 41, 41, 41]
[62, 62, 62, 62]
[36, 36, 36, 36]
[42, 42, 42, 42]
[35, 35, 35, 35]
[32, 32, 32, 32]
[35, 35, 35, 35]
[55, 55, 55, 55]
[46, 46, 46, 46]
[51, 51, 51, 51]
[30, 30, 30, 30]
[32, 32, 32, 32]
[31, 31, 31, 31]
[51, 51, 51, 51]
[45, 45, 45, 45]
[37, 37, 37, 37]
[32, 32, 32, 32]
[36, 36, 36, 36]
[30, 30, 30, 30]
[56, 56, 56, 56]
[38, 38, 38, 38]
[47, 47, 47, 47]
[33, 33, 33, 33]
[48, 48, 48, 48]
[58, 58, 58, 58]
[28, 28, 28, 28]
[49, 49, 49, 49]
[25, 25, 25, 25]
[61, 61, 61, 61]
[28, 46, 46, 46]
[56, 56, 56, 56]
[44, 44, 44, 44]
[48, 48, 48, 48]
[56, 56, 56, 56]
[33, 33, 33, 33]
[36, 36, 36, 36]
[55, 55, 55, 55]
[43, 43, 43, 43]
[34, 34, 34, 34]
[38, 38, 38, 38]
[46, 46, 46, 46]
[57, 57, 57, 57]
[53, 53, 53, 73]
[34, 34, 34, 34]
[32, 32, 32, 32]
[25, 40, 25, 25]
[24, 24, 24, 24]
[70, 70, 70, 70]
[50, 50, 50, 50]
[50, 50, 50, 50]
[30, 30, 30, 30]
[32, 52, 52, 52]
[30, 30, 30, 30]
[28, 47, 47, 47]
[43, 43, 43, 43]
[61, 61, 61, 61]
[33, 33, 33, 33]
[28, 28, 28, 28]
[29, 29, 29, 29]
[58, 58, 58, 58]
[32, 32, 32, 32]
[50, 50, 50, 50]
[44, 44, 44, 44]
[30, 30, 30, 30]
[56, 56, 56, 56]
[59, 59, 59, 59]
[43, 43, 43, 43]
[52, 52, 52, 52]
[60, 60, 60, 60]
[48, 48, 48, 48]
[33, 33, 33, 33]
[44, 44, 44, 44]
[27, 27, 27, 27]
[30, 30, 30, 30]
[65, 65, 65, 65]
[26, 26, 26, 26]
[28, 28, 28, 28]
[65, 65, 65, 65]
[31, 51, 51, 51]
[33, 33, 33, 33]
[42, 42, 42, 42]
[27, 27, 27, 27]
[61, 61, 61, 61]
[46, 46, 46, 46]
[51, 51, 51, 51]
[39, 39, 39, 39]
[62, 62, 62, 62]
[47, 47, 47, 47]
[29, 29, 29, 29]
[54, 54, 54, 54]
[45, 45, 45, 45]
[47, 47, 47, 47]
[44, 44, 44, 44]
[41, 41, 41, 41]
[48, 48, 48, 48]
[54, 54, 54, 54]
[28, 28, 28, 28]
[56, 56, 56, 56]
[32, 53, 53, 53]
[55, 55, 55, 55]
[57, 57, 57, 57]
[48, 48, 48, 48]
[33, 33, 33, 33]
[34, 34, 34, 34]
[50, 50, 50, 50]
[12, 43, 43, 43]
[31, 31, 31, 31]
[56, 56, 56, 56]
[35, 35, 35, 35]
[35, 57, 35, 35]
[35, 35, 35, 35]
[25, 25, 25, 25]
[34, 34, 34, 34]
[61, 61, 61, 61]
[35, 35, 35, 35]
[52, 52, 52, 52]
[40, 57, 57, 57]
[30, 30, 30, 30]
[47, 47, 47, 47]
[44, 44, 44, 44]
[49, 49, 49, 49]
[56, 56, 56, 56]
[59, 59, 59, 59]
[32, 32, 32, 32]
[31, 31, 31, 31]
[60, 60, 60, 60]
[36, 36, 36, 36]
[34, 34, 34, 34]
[27, 27, 27, 27]
[43, 43, 43, 43]
